82
0.49240385000000003 1.0 0.4683039
0.6307539000000001 0.9698463 0.5688211
0.54524885 0.9698463 0.6309441499999999
0.43955885 0.9698463 0.6309441499999999
0.35405380000000003 0.9698463 0.5688211
0.3213938 0.9698463 0.4683039000002546
0.35405380000000003 0.9698463 0.3677867000000001
0.43955885 0.9698463 0.30566365
0.54524885 0.9698463 0.30566365
0.6307539000000001 0.9698463 0.3677867000000001
0.6634139 0.9698463 0.46830389999949085
0.7524169 0.8830222499999999 0.65721445
0.59172 0.8830222499999999 0.7739676
0.39308770000000004 0.8830222499999999 0.7739676
0.23239080000000004 0.8830222499999999 0.65721445
0.17101005 0.8830222499999999 0.4683039000004785
0.23239080000000004 0.8830222499999999 0.27939335
0.39308770000000004 0.8830222499999999 0.1626402
0.59172 0.8830222499999999 0.1626402
0.7524169 0.8830222499999999 0.27939335
0.81379765 0.8830222499999999 0.46830389999904304
0.8427185 0.75 0.72282235
0.6262121500000001 0.75 0.8801234500000001
0.35859555 0.75 0.8801234500000001
0.14208920000000005 0.75 0.72282235
0.05939115000000001 0.75 0.4683039000006446
0.14208920000000005 0.75 0.21378545000000002
0.35859555 0.75 0.05648434999999999
0.6262121500000001 0.75 0.05648434999999999
0.8427185 0.75 0.21378545000000002
0.92541655 0.75 0.46830389999871075
0.8907669500000001 0.5868241000000001 0.7577316500000001
0.644565 0.5868241000000001 0.9366078
0.3402427 0.5868241000000001 0.9366078
0.09404075000000006 0.5868241000000001 0.7577316500000001
0.0 0.5868241000000001 0.4683039000007331
0.09404075000000006 0.5868241000000001 0.17887615
0.3402427 0.5868241000000001 0.0
0.644565 0.5868241000000001 0.0
0.8907669500000001 0.5868241000000001 0.17887615
0.9848077000000001 0.5868241000000001 0.46830389999853395
0.8907669500000001 0.41317589999999993 0.7577316500000001
0.644565 0.41317589999999993 0.9366078
0.3402427 0.41317589999999993 0.9366078
0.09404075000000006 0.41317589999999993 0.7577316500000001
0.0 0.41317589999999993 0.4683039000007331
0.09404075000000006 0.41317589999999993 0.17887615
0.3402427 0.41317589999999993 0.0
0.644565 0.41317589999999993 0.0
0.8907669500000001 0.41317589999999993 0.17887615
0.9848077000000001 0.41317589999999993 0.46830389999853395
0.8427185 0.25 0.72282235
0.6262121500000001 0.25 0.8801234500000001
0.35859555 0.25 0.8801234500000001
0.14208920000000005 0.25 0.72282235
0.05939115000000001 0.25 0.4683039000006446
0.14208920000000005 0.25 0.21378545000000002
0.35859555 0.25 0.05648434999999999
0.6262121500000001 0.25 0.05648434999999999
0.8427185 0.25 0.21378545000000002
0.92541655 0.25 0.46830389999871075
0.7524169 0.11697775 0.65721445
0.59172 0.11697775 0.7739676
0.39308770000000004 0.11697775 0.7739676
0.23239080000000004 0.11697775 0.65721445
0.17101005 0.11697775 0.4683039000004785
0.23239080000000004 0.11697775 0.27939335
0.39308770000000004 0.11697775 0.1626402
0.59172 0.11697775 0.1626402
0.7524169 0.11697775 0.27939335
0.81379765 0.11697775 0.46830389999904304
0.6307539000000001 0.03015369999999997 0.5688211
0.54524885 0.03015369999999997 0.6309441499999999
0.43955885 0.03015369999999997 0.6309441499999999
0.35405380000000003 0.03015369999999997 0.5688211
0.3213938 0.03015369999999997 0.4683039000002546
0.35405380000000003 0.03015369999999997 0.3677867000000001
0.43955885 0.03015369999999997 0.30566365
0.54524885 0.03015369999999997 0.30566365
0.6307539000000001 0.03015369999999997 0.3677867000000001
0.6634139 0.03015369999999997 0.46830389999949085
0.49240385000000003 0.0 0.4683039
41
41 42 52 51 
42 43 53 52 
43 44 54 53 
44 45 55 54 
45 46 56 55 
46 47 57 56 
47 48 58 57 
48 49 59 58 
49 50 60 59 
60 50 41 51 
51 52 62 61 
52 53 63 62 
53 54 64 63 
54 55 65 64 
55 56 66 65 
56 57 67 66 
57 58 68 67 
58 59 69 68 
59 60 70 69 
70 60 51 61 
61 62 72 71 
62 63 73 72 
63 64 74 73 
64 65 75 74 
65 66 76 75 
66 67 77 76 
67 68 78 77 
68 69 79 78 
69 70 80 79 
80 70 61 71 
71 72 81 
72 73 81 
73 74 81 
74 75 81 
75 76 81 
76 77 81 
77 78 81 
78 79 81 
79 80 81 
80 71 81 
41 42 43 44 45 46 47 48 49 50 