82
 0             100           0 
 27.67001      93.96926      20.10344 
 10.569        93.96926      32.52805 
-10.569        93.96926      32.52805 
-27.67001      93.96926      20.10344 
-34.20201      93.96926      5.091686E-11 
-27.67001      93.96926     -20.10344 
-10.569        93.96926     -32.52805 
 10.569        93.96926     -32.52805 
 27.67001      93.96926     -20.10344 
 34.20201      93.96926     -1.018337E-10 
 52.00261      76.60445      37.78211 
 19.86323      76.60445      61.13274 
-19.86323      76.60445      61.13274 
-52.00261      76.60445      37.78211 
-64.27876      76.60445      9.569241E-11 
-52.00261      76.60445     -37.78211 
-19.86323      76.60445     -61.13274 
 19.86323      76.60445     -61.13274 
 52.00261      76.60445     -37.78211 
 64.27876      76.60445     -1.913848E-10 
 70.06293      50            50.90369 
 26.76166      50            82.36391 
-26.76166      50            82.36391 
-70.06293      50            50.90369 
-86.60254      50            1.28926E-10 
-70.06293      50           -50.90369 
-26.76166      50           -82.36391 
 26.76166      50           -82.36391 
 70.06293      50           -50.90369 
 86.60254      50           -2.57852E-10 
 79.67262      17.36482      57.88555 
 30.43223      17.36482      93.66078 
-30.43223      17.36482      93.66078 
-79.67262      17.36482      57.88555 
-98.48077      17.36482      1.466093E-10 
-79.67262      17.36482     -57.88555 
-30.43223      17.36482     -93.66078 
 30.43223      17.36482     -93.66078 
 79.67262      17.36482     -57.88555 
 98.48077      17.36482     -2.932185E-10 
 79.67262     -17.36482      57.88555 
 30.43223     -17.36482      93.66078 
-30.43223     -17.36482      93.66078 
-79.67262     -17.36482      57.88555 
-98.48077     -17.36482      1.466093E-10 
-79.67262     -17.36482     -57.88555 
-30.43223     -17.36482     -93.66078 
 30.43223     -17.36482     -93.66078 
 79.67262     -17.36482     -57.88555 
 98.48077     -17.36482     -2.932185E-10 
 70.06293     -50            50.90369 
 26.76166     -50            82.36391 
-26.76166     -50            82.36391 
-70.06293     -50            50.90369 
-86.60254     -50            1.28926E-10 
-70.06293     -50           -50.90369 
-26.76166     -50           -82.36391 
 26.76166     -50           -82.36391 
 70.06293     -50           -50.90369 
 86.60254     -50           -2.57852E-10 
 52.00261     -76.60445      37.78211 
 19.86323     -76.60445      61.13274 
-19.86323     -76.60445      61.13274 
-52.00261     -76.60445      37.78211 
-64.27876     -76.60445      9.569241E-11 
-52.00261     -76.60445     -37.78211 
-19.86323     -76.60445     -61.13274 
 19.86323     -76.60445     -61.13274 
 52.00261     -76.60445     -37.78211 
 64.27876     -76.60445     -1.913848E-10 
 27.67001     -93.96926      20.10344 
 10.569       -93.96926      32.52805 
-10.569       -93.96926      32.52805 
-27.67001     -93.96926      20.10344 
-34.20201     -93.96926      5.091686E-11 
-27.67001     -93.96926     -20.10344 
-10.569       -93.96926     -32.52805 
 10.569       -93.96926     -32.52805 
 27.67001     -93.96926     -20.10344 
 34.20201     -93.96926     -1.018337E-10 
 0            -100           0 
90
 1 0 2
 2 0 3
 3 0 4
 4 0 5
 5 0 6
 6 0 7
 7 0 8
 8 0 9
 9 0 10
 0 1 10
 1 2 12 11
 2 3 13 12
 3 4 14 13
 4 5 15 14
 5 6 16 15
 6 7 17 16
 7 8 18 17
 8 9 19 18
 9 10 20 19
 20 10 1 11
 11 12 22 21
 12 13 23 22
 13 14 24 23
 14 15 25 24
 15 16 26 25
 16 17 27 26
 17 18 28 27
 18 19 29 28
 19 20 30 29
 30 20 11 21
 21 22 32 31
 22 23 33 32
 23 24 34 33
 24 25 35 34
 25 26 36 35
 26 27 37 36
 27 28 38 37
 28 29 39 38
 29 30 40 39
 40 30 21 31
 31 32 42 41
 32 33 43 42
 33 34 44 43
 34 35 45 44
 35 36 46 45
 36 37 47 46
 37 38 48 47
 38 39 49 48
 39 40 50 49
 50 40 31 41
 41 42 52 51
 42 43 53 52
 43 44 54 53
 44 45 55 54
 45 46 56 55
 46 47 57 56
 47 48 58 57
 48 49 59 58
 49 50 60 59
 60 50 41 51
 51 52 62 61
 52 53 63 62
 53 54 64 63
 54 55 65 64
 55 56 66 65
 56 57 67 66
 57 58 68 67
 58 59 69 68
 59 60 70 69
 70 60 51 61
 61 62 72 71
 62 63 73 72
 63 64 74 73
 64 65 75 74
 65 66 76 75
 66 67 77 76
 67 68 78 77
 68 69 79 78
 69 70 80 79
 80 70 61 71
 71 72 81
 72 73 81
 73 74 81
 74 75 81
 75 76 81
 76 77 81
 77 78 81
 78 79 81
 79 80 81
 80 71 81

