24
-1.811681                    0                           6.761495 
 1.811681                    0                           6.761495 
 4.949633                    0                           4.949862 
 6.761411                    0                           1.811994 
 6.761579                    0                          -1.811368 
 4.950091                    0                          -4.949404 
 1.812307                    0                          -6.761328 
-1.811056                    0                          -6.761663 
-4.949175                    0                          -4.950321 
-6.761244                    0                          -1.812621 
-6.761748                    0                           1.810742 
-4.950551                    0                           4.948946 
-1.811681                    50                          6.761495 
 1.811681                    50                          6.761495 
 4.949633                    50                          4.949862 
 6.761411                    50                          1.811994 
 6.761579                    50                         -1.811368 
 4.950091                    50                         -4.949404 
 1.812307                    50                         -6.761328 
-1.811056                    50                         -6.761663 
-4.949175                    50                         -4.950321 
-6.761244                    50                         -1.812621 
-6.761748                    50                          1.810742 
-4.950551                    50                          4.948946
14
0 1 13 12
1 2 14 13
2 3 15 14
3 4 16 15
4 5 17 16
5 6 18 17
6 7 19 18
7 8 20 19
8 9 21 20
9 10 22 21
10 11 23 22
11 0 12 23
0 1 2 3 4 5 6 7 8 9 10 11
12 13 14 15 16 17 18 19 20 21 22 23